%Practice 
%Prn : 24070123006
a = [3 , 2 ;  1 , 3 ; 4 ,5]

a(:,1)

x = 1:2:10

x1 = 5:20
x2 = 5:3:20

x3 = linspace(5 , 25 , 5)
